# Created by Octave 3.8.1, Thu Sep 15 22:09:20 2016 ICT <abc@abc-SVE14A15FXB>
# name: a
# type: matrix
# rows: 3
# columns: 4
 1 2 3 4
 4 5 6 7
 7 8 5 3


